$ANSIBLE_VAULT;1.1;AES256
65653539323537333031643434636238376266636537633038303230386461353766343830393036
3637323436656335613536623964303564353631316466310a653932633562623864323838613937
64663935646364313332613863343938393236386666356363366165316662363037373337353934
3437376336633733320a633566356530643636653665346536383038313765343135613533333839
62323930646334326632346265643364393939623861393336353331306663363461646234643537
65396339353965326361653466343166393436653234613935363235643462333930656636616163
39373664373661663734393333316631636463326463356361343364313264376165353435653465
35336362613734313335343933613031386130303532323833366463663837623435663032653231
33653164656235326437323735353763613865306630333765656532626137383634623737666233
33356365333130353066623139656533306131336266656639363731353836363834303465356661
38386531663034363366383734623364373562333032636263396231333437346662643761333366
31356462323961316133623665373338306133366365666236353338346330663236373863613139
39643063653130356632363932663736633730393639323361353432366536636438633534313233
32323063343662353232353238393835373733353565323466616539323731396132653238633565
66646366623963326563656237336337366464353661393033393139363034383037653430393336
30653166643262373736623131616333393939663330333761643462656234303834663234616234
32313761353762613463643331303036386361333834306263333132383338376433633261316630
35396533333736346363663262353634353231323265323539656265383939663239653862633438
35303931346533323834373164656233393532323662666464616333633064386436316435643362
64643865653662336534313765363936373237653831616239386133613434376361363466663064
32333434323764643935313831333634656262396236613636323939376138383463633734336339
61636337613136326239666332303065393265653637306135336330333238646539646665383232
33396439303634643664323464653937373939336566306461313933303961653637333438663634
66616334643736656335306631346535363265356631376265336565616632306636396564666435
38316365393961646262303566393634366332316334383335326434386164326634303937636561
37326663363933383135636437643264323665356639613665303130303530383365333364626339
36613466326232656136396439333834356265653136623237616138633531616562336163333364
39643564626465663930643062356466313635343035316163656232363361336538656235373836
38343532656539303439393237643939656463643763396632643931656265393366393631333130
38663830633032353266613531333231356434626539353633383932616361343738363636656663
35343139383266306231616539343764616237326434373565613761323433663238343865643766
61313964376432353033396530653033653364336461623338343965656566663633303039303130
65303432396631393765643066343537663533386364633762373136396330663632313232653066
65376663626134633465353065646261393839636534333962643365343463356430333863396364
65323138373032313163373466386437656435366562336337363732353564313966356264396133
36313662653539323161306364343761373764636563316139626635353662646438303233343661
33663833356434306530616232306534303838623962363937343038343862316630356236653762
63373835373465353939306664653563396361326330323435626137343131646565613934323536
39343030343163346131326361666635626535643361633662303266626337313839303235393031
66356433666533313463376630393761353130336635613762616433376461623634636237313536
65396533393735643136623136396366623436623964643466383164633938313736383762626366
66653738623332366238366636373834623362323832663765363533616662373838376161646537
63626239633262613231316264656634623633396434393233393934326137613737366634393666
61336437363531316633633435326165613934323837393938633439303634613033326564363435
66323932383739666339333430643036313261386361383039326230333964316532
